-0.006003699936789402 -0.004187233754247892 -1.3903398334699586e-05 -0.08537609191876742 -0.7440741750715962 3.8583528226786425 -0.022864780192833594 -0.00016785227676212165 -9.155371332776565e-05 -0.0007785893333627377
-0.001985662592835002 -0.0013375459106026006 -1.1065554035088125e-05 -0.02620124117411315 -1.971202255493186 -0.8595472306082405 -0.023112452493458262 -0.00012008572843829227 -5.13073402084336e-05 -0.00011785761364936557
-0.0018249410990768258 -0.004543444734703554 -1.3898317145264292e-05 -0.2168393337393013 3.6198138862029348 3.8583528226786425 0.03390933179651394 -0.00016298287135046912 -9.142110583808087e-05 -0.0008050186021512725
-0.001182055124044122 0.010684574679775972 1.751746315439918e-06 0.5612853656647813 -2.391734912266877 -3.1707881555892308 -0.017835127318609516 1.3475105709890842e-05 4.4766786068192686e-05 0.000271974100981524
0.0017109317636030458 0.027159332525850316 3.499796879056578e-05 0.8617493585039816 -1.0405152282071488 0.08403278004913599 -0.015205990588901477 0.0012760423660169342 0.0007300822927591583 0.005815513229376716
0.0017109317636030458 -0.004543444734703554 -1.3842424061476064e-05 -0.2188063647889851 3.6198138862029348 3.8583528226786425 0.07582310574838123 -0.0001578815894906427 -8.996242345154824e-05 -0.0008050186021512725
-0.005842978443031226 -0.0032967063031087386 -1.3712853730876077e-05 0.12935813100504723 -2.488250603985429 -3.61607310443878 -0.022483745884180253 -0.0001676204003139477 -9.148740958292327e-05 -0.0007785893333627377
0.0041217541699756855 -0.004365339244475723 -1.3453713069676105e-05 -0.21487230268961752 1.1586637473798582 3.349455738279158 -0.023093400778025595 -0.0001395633500849023 -8.048098793908616e-05 -0.00038875761873184814
-0.00166421960531865 -0.002139020616627839 -1.163210665712336e-05 -0.08291730310666268 -2.5985542516637743 -3.8705216466385215 -0.016215731506832823 -0.0001493021609082073 -7.696688946243938e-05 -0.0007059088441942668
-0.006164421430547577 -0.004454391989589638 -1.3954210229052522e-05 -0.15635312896152448 2.24101829022362 1.7379483043474595 -0.011814785241886758 -0.00016854790610664342 -9.301239571429828e-05 -0.0008050186021512725
-0.00086061213652777 0.0016011946781566062 -7.221634227288535e-06 0.08001843550881199 -2.8674193928797407 -6.086344368294608 0.010342359806304909 -0.000133998315328728 -8.260270777404271e-05 -0.0007587673817713365
0.04189130520314704 0.036598923507925346 0.0003436090903325563 0.027728193438050986 -2.8398434809601545 -5.460825035386909 -0.019606936853847543 0.0018928337181595854 0.0010389914399798637 0.014206806069736542
0.0038003111824593335 -0.0019609151264000082 -8.873020793758947e-06 -0.1484850047627893 -2.109081815091118 -1.866739376815553 -0.02275046990023759 -9.179680176107292e-05 -3.2278165438667036e-05 0.0001794716602216519
-0.004878649480482169 -0.004187233754247892 -1.381447751958195e-05 -0.15881191777362924 -1.0474092061870452 -0.8701492531998963 -0.01705400698587017 -0.00016553351228038236 -9.115589085871131e-05 -0.0007851966505598714
0.0005858813072958138 -0.004543444734703554 -1.3860208224499591e-05 -0.21847852628070447 3.6198138862029348 3.8583528226786425 0.062486904945514364 -0.0001595047246278602 -9.042654966544499e-05 -0.0008050186021512725
0.007979070020171909 -0.004276286499361808 -1.3034514941264385e-05 -0.21487230268961752 -0.3855873201169745 -0.7535270046916823 -0.021550211827979573 -0.00013423019177690194 -7.961903925613506e-05 -0.00045483079070318536
0.0005858813072958138 0.020836587622762325 2.0171058018379127e-05 0.7755278308261752 -2.0125661233725656 -3.3828286074223493 -0.018159006480964857 0.0003997812683676566 0.00018877851986586852 0.002663822926343931
0.006854019563864677 0.0013340364428148601 6.592905868517994e-07 -0.0942277316423445 -2.1435517049906005 3.169221354221009 -0.022540901030478254 4.918407872867591e-05 0.0002635691440480869 0.0018246936423079484
-0.005521535455514873 -0.004543444734703554 -1.395675082377017e-05 -0.20372579340807598 3.6198138862029348 3.8583528226786425 -0.009909613698620064 -0.0001683160296584695 -9.29460919694559e-05 -0.0008050186021512725
-0.002146384086593178 0.0007106672270174526 -9.406545684464774e-06 0.10591767766298199 -2.2124914847895663 -1.8985454445905208 -0.023531590232976938 -0.0001059412650996826 -3.897484366774865e-05 0.0001794716602216519
-0.00021772616149506605 -0.004009128264020062 -1.3232681329240835e-05 -0.19454631517621823 -1.3300623033628052 -2.163596009381919 -0.022902883623698928 -0.00015115717249359874 -8.512225007805362e-05 -0.0005605478658573249
-0.004235763505449465 -0.004454391989589638 -1.3893235955829e-05 -0.20257835862909376 1.5929843601133418 0.7413581807318024 0.01866795945038037 -0.00016483788293586055 -9.195153579682001e-05 -0.0008050186021512725
-0.005842978443031226 -0.0038310227737922307 -1.3819558709017242e-05 -0.011120669793204016 -2.288325242568429 -4.2203883921631675 -0.009909613698620064 -0.0001683160296584695 -9.254826950040154e-05 -0.0008050186021512725
-0.0037535990241749375 -0.004543444734703554 -1.3928804281876055e-05 -0.21372486791063527 3.6198138862029348 3.8583528226786425 0.011047273277313589 -0.00016576538872855627 -9.221675077618958e-05 -0.0008050186021512725
-0.001021333630285946 -0.0028514425775391615 -1.2099576085170367e-05 -0.13324051412773985 -2.3710529783271874 -4.697479408787683 -0.01901633367543487 -0.00014791090221916376 -8.406139016057534e-05 -0.0006596576238143307
0.00878267748896279 -0.004365339244475723 -1.3232681329240835e-05 -0.2168393337393013 0.03494533665671647 -1.5910867894324994 0.24157303001258376 -0.00013770833849951087 -8.406139016057534e-05 -0.0008050186021512725
-0.0026285485678677056 -0.004543444734703554 -1.3911020118852527e-05 -0.2158558182144594 3.6198138862029348 3.8583528226786425 0.024383474080180458 -0.00016414225359133878 -9.175262456229283e-05 -0.0008050186021512725
-0.005360813961756698 -0.004543444734703554 -1.3954210229052522e-05 -0.20552890520361944 2.9304160882132773 3.8583528226786425 -0.009909613698620064 -0.0001683160296584695 -9.28797882246135e-05 -0.0008050186021512725
0.006532576576348325 -0.004543444734703554 -1.376620621994666e-05 -0.21995379956796732 3.6198138862029348 3.8583528226786425 0.1329782520463821 -0.00015092529604542482 -8.797331110627648e-05 -0.0008050186021512725
-0.005039370974240346 -0.004454391989589638 -1.3918641903005467e-05 -0.19454631517621823 1.0345721437417197 0.32787929965722235 0.0015214155609801106 -0.00016692477096942593 -9.248196575555914e-05 -0.0008050186021512725
0.00010371682602128591 -0.004365339244475723 -1.3644257673499615e-05 -0.21077432133610957 0.8484347382845121 2.1726312306053512 -0.022350383876151583 -0.00015208467828629446 -8.618310999553189e-05 -0.0006001917690401272
-0.006164421430547577 -0.004365339244475723 -1.394150725546429e-05 -0.12356927813346118 -0.054676377081938676 -0.3824562139837248 -0.02038805718658689 -0.00016877978255481737 -9.29460919694559e-05 -0.0007984112849541388
-0.005521535455514873 -0.004543444734703554 -1.395675082377017e-05 -0.20372579340807598 3.6198138862029348 3.8583528226786425 -0.009909613698620064 -0.0001683160296584695 -9.29460919694559e-05 -0.0008050186021512725
0.0187474101019697 0.020836587622762325 0.000102277998103288 0.0711667957852349 -1.8884745197344273 -4.347612663263038 0.07852844933981995 0.001962628529059938 0.0005925020222111946 0.0002851887353757914
-0.005842978443031226 -0.0036529172835643997 -1.3783990382970187e-05 0.03559631763678619 -2.4675686700457393 -1.5062706086992521 -0.02362684881014027 -0.0001683160296584695 -9.102328336902651e-05 -0.0007785893333627377
-0.005521535455514873 -0.003741970028678315 -1.375096265164078e-05 -0.03980653926775942 -2.2814312645885324 -1.209413976132886 -0.014672542556786803 -0.0001673885238657738 -9.042654966544499e-05 -0.0007984112849541388
-0.003914320517933114 -0.004454391989589638 -1.3883073576958412e-05 -0.20470930893291786 2.351321937901965 1.9075806658139531 0.03200416025324724 -0.00016321474779864306 -9.148740958292327e-05 -0.0008050186021512725
-0.005682256949273049 -0.004543444734703554 -1.3959291418487816e-05 -0.20143092385011155 3.6198138862029348 3.8583528226786425 -0.011814785241886758 -0.00016854790610664342 -9.301239571429828e-05 -0.0008050186021512725
-0.005842978443031226 -0.004543444734703554 -1.3961832013205462e-05 -0.19848037727558585 3.6198138862029348 3.8583528226786425 -0.013719956785153455 -0.00016877978255481737 -9.307869945914068e-05 -0.0008050186021512725
-0.001985662592835002 0.0016902474232705215 -8.38776720268841e-06 0.1534542613636738 -2.1780215948900836 -3.605471081847124 -0.007451942407806027 -8.92461608311597e-05 -5.0379087780640104e-05 -0.0005869771346458598
0.0013894887760866937 -0.0003579657143495317 -7.638291760982609e-06 -0.07062335904613892 -2.3227951324679115 -4.114368166246608 -0.012443491851164768 -9.040554307202935e-05 -5.2500807615596654e-05 -0.0005142966454773888
-0.004396484999207642 -0.004543444734703554 -1.3938966660746641e-05 -0.21159391760681118 3.6198138862029348 3.8583528226786425 0.003426587104246806 -0.000166692894521252 -9.248196575555914e-05 -0.0008050186021512725
-0.006325142924305753 -0.004009128264020062 -1.390847952413488e-05 0.06493786412790285 -1.3024863914432188 3.8583528226786425 -0.023245814501486932 -0.00016854790610664342 -9.168632081745043e-05 -0.0007851966505598714
-0.006325142924305753 -0.004454391989589638 -1.3959291418487816e-05 -0.13996120354749284 3.6198138862029348 3.8583528226786425 -0.011814785241886758 -0.00016854790610664342 -9.301239571429828e-05 -0.0008050186021512725
-0.005039370974240346 -0.004276286499361808 -1.3857667629781945e-05 -0.1673357189889257 -1.2611225235638392 3.8583528226786425 -0.023245814501486932 -0.00016715664741759985 -9.036024592060259e-05 -0.0007653746989684702
-0.002307105580351354 -0.0003579657143495317 -1.0443108329264661e-05 0.049365534984572794 -2.474462648025636 -3.9023277144134894 -0.017415989579090848 -0.00013283893308785837 -6.881152884682514e-05 -0.0006001917690401272
0.009264841970237317 0.004183724286460151 1.1423790405521238e-05 -0.061279961560140886 -2.309007176508118 1.504703807331029 -0.0232077110706216 0.00015376035685511788 0.00042230030920077384 0.0037540302638709947
-0.0029499915553840577 -0.004543444734703554 -1.391610130828782e-05 -0.21536406045203843 3.6198138862029348 3.8583528226786425 0.020573130993647066 -0.00016460600648768664 -9.188523205197761e-05 -0.0008050186021512725
-0.005521535455514873 -0.004543444734703554 -1.395675082377017e-05 -0.20372579340807598 3.6198138862029348 3.8583528226786425 -0.009909613698620064 -0.0001683160296584695 -9.29460919694559e-05 -0.0008050186021512725
-0.005039370974240346 -0.004543444734703554 -1.394912903961723e-05 -0.20831553252400484 3.6198138862029348 3.8583528226786425 -0.004194099068819976 -0.0001676204003139477 -9.274718073492872e-05 -0.0008050186021512725
0.006371855082590149 0.020035112916737086 4.4431196977188306e-05 0.32507772044858524 -2.0332480573122553 -2.8739315230228657 -0.013986680801210792 0.0007891018248516834 0.0004625466823201059 0.0031725863505232274
-0.005521535455514873 -0.004543444734703554 -1.395675082377017e-05 -0.20372579340807598 3.6198138862029348 3.8583528226786425 -0.009909613698620064 -0.0001683160296584695 -9.29460919694559e-05 -0.0008050186021512725
-0.006003699936789402 -0.004098181009133977 -1.3888154766393706e-05 -0.05800157647733455 -1.9367323655937032 -2.3226263482567577 -0.02038805718658689 -0.00016877978255481737 -9.254826950040154e-05 -0.0007984112849541388
-0.003432156036658586 -0.002673337087311331 -1.2749968332887945e-05 -0.05800157647733455 -2.5365084498447055 -1.7289130831240265 -0.02364590052557294 -0.00015834534238699056 -7.835926810412961e-05 -0.0006200137206315284
-0.001503498111560474 -0.0022280733617417543 -1.164735022542924e-05 -0.09176894283023976 -1.7643829160962887 -0.8701492531998963 -0.021169177519326236 -0.00012379575160907514 -5.97942195482598e-05 -0.0003821503015347144
-0.0018249410990768258 0.02653596331005291 1.447504466141503e-05 1.5710279711691315 -2.2952192205483253 -2.481656687131596 -0.019511678276684208 0.0001978168820081644 0.00020462511488320026 0.001837908276702216
0.01762235964566247 0.03472881586053312 0.00015783064219935267 0.2516418945937234 -2.488250603985429 -4.464234911771253 -0.015110732011738143 0.001612495092317305 0.0008703810168456602 0.007295552281534669
-0.0029499915553840577 -0.0038310227737922307 -1.3407982364758462e-05 -0.16290989912713716 -1.9849902114529794 -2.1211879190152954 -0.022350383876151583 -0.00016066410686872983 -8.704505867848299e-05 -0.000699301526997133
-0.004396484999207642 -0.0019609151264000082 -1.2760130711758532e-05 0.08542777089544243 -2.357265022367394 -1.7501171283073385 -0.022693314753939594 -0.0001555628250089034 -7.855817933865679e-05 -0.0006266210378286621
-0.005842978443031226 -0.004543444734703554 -1.3961832013205462e-05 -0.19848037727558585 3.6198138862029348 3.8583528226786425 -0.013719956785153455 -0.00016877978255481737 -9.307869945914068e-05 -0.0008050186021512725
-0.0047179279867239935 -0.004543444734703554 -1.3944047850181935e-05 -0.21028256357368863 3.6198138862029348 3.8583528226786425 -0.000383755982286585 -0.00016715664741759985 -9.261457324524393e-05 -0.0008050186021512725
0.006371855082590149 0.023330064485951957 5.223336335508159e-05 0.3981857077951664 -1.2197586556844597 0.37028739002384603 -0.010385906584436737 0.0016317408375157412 0.0010655792416616628 0.005055671751706338
0.0002644383197794619 0.0024026693841818444 -4.947801954994661e-06 0.06592137965274476 -2.6743880094426364 -4.676275363604372 -0.01789228246490752 -9.898497165446472e-05 -4.759433049725963e-05 -0.00038875761873184814
-0.0047179279867239935 -0.0031186008128809076 -1.3374954633429055e-05 -0.022922856091306818 -2.495144581965326 -2.640687026006435 -0.02362684881014027 -0.00016414225359133878 -8.744288114753733e-05 -0.0007125161613914005
-0.004878649480482169 -0.003474811793336569 -1.3550255668946682e-05 -0.05800157647733455 -2.4193108241864634 -1.9727596027321121 -0.02038805718658689 -0.00016553351228038236 -8.850374106501562e-05 -0.000771982016165604
0.0015502102698448698 -0.0003579657143495317 -7.516343214535563e-06 -0.07340998636652431 -2.1918095508498765 -3.8917256918218333 -0.01211961268880943 -7.765233842246325e-05 -4.812476045599877e-05 -0.0004746527422945865
-0.0047179279867239935 -0.004543444734703554 -1.3944047850181935e-05 -0.21028256357368863 3.6198138862029348 3.8583528226786425 -0.000383755982286585 -0.00016715664741759985 -9.261457324524393e-05 -0.0008050186021512725
-0.006164421430547577 -0.0035638645384504846 -1.3827180493170182e-05 0.1714853793191086 -2.357265022367394 -3.9129297370051455 -0.019435471414953543 -0.00016854790610664342 -9.248196575555914e-05 -0.0007984112849541388
-0.0026285485678677056 -0.004276286499361808 -1.3705231946723137e-05 -0.19766078100488427 -0.9784694263880795 0.32787929965722235 -0.022159866721824916 -0.0001620553655577734 -8.876895604438518e-05 -0.0007191234785885342
-0.005360813961756698 -0.0035638645384504846 -1.3674744810111376e-05 -0.02521772564927125 -1.840216673875151 -0.5626905980418756 -0.02387452111076494 -0.00016460600648768664 -8.890156353406996e-05 -0.0007125161613914005
-0.004235763505449465 0.0007106672270174526 -1.1388209564229266e-05 0.356550217243526 -2.3159011544880146 -2.81031938747293 -0.013529439630826786 -0.00013747646205133695 -6.848001012261318e-05 -0.0006794795754057318
0.12225205208223504 -0.0036529172835643997 8.489403506639198e-06 -0.21962596105968668 -1.957414299533393 -4.273398505121447 0.002740725348670797 0.00022123640327373123 4.2910281212605706e-05 -9.80356620579644e-05
0.03498028097154547 -0.0019609151264000082 5.913240462945356e-06 -0.2030701163915147 -2.8398434809601545 -5.789487735728243 -0.022483745884180253 -5.631970519046179e-05 -4.70639005385205e-05 0.0005428741060640066
-0.005521535455514873 -0.004454391989589638 -1.3933885471311347e-05 -0.18553075619850085 0.9380564520231676 0.9109905421982972 -0.006099270612086672 -0.00016785227676212165 -9.268087699008632e-05 -0.0008050186021512725
-0.003914320517933114 -0.0004470184594634471 -1.171086509337041e-05 0.18361540412549207 -2.7364338112617057 -5.556243238711813 -0.019645040284712877 -0.00015417156631985983 -8.691245118879821e-05 -0.0006926942097999993
-0.00086061213652777 -0.004543444734703554 -1.3883073576958412e-05 -0.21765893001000286 3.6198138862029348 3.8583528226786425 0.04534036105611411 -0.00016159161266142554 -9.102328336902651e-05 -0.0008050186021512725
0.009104120476479141 -0.00026891296923561636 -1.5307020597597313e-06 -0.141600396088896 -2.633024141563257 -2.502860732314908 -0.023684003956438274 -6.420350442837538e-05 3.6279906728366485e-05 0.0008996692347092275
-0.006325142924305753 -0.003920075518906146 -1.3898317145264292e-05 0.10591767766298199 -0.9026356686092175 -1.1139957728079828 -0.016577714100053497 -0.00016785227676212165 -9.241566201071676e-05 -0.0007984112849541388
0.008139791513930085 -0.004454391989589638 -1.3501984369311395e-05 -0.21847852628070447 0.2831285439329933 -1.2730261116828216 0.15774548210884914 -0.00014791090221916376 -8.711136242332537e-05 -0.0008050186021512725
-0.001985662592835002 0.0047180407571436435 -5.709980370288697e-06 0.3332736831556011 -1.6058214225586678 -1.9091474671821766 -0.01773986874144618 1.2083847020847268e-05 4.918235417914982e-06 0.00025215214939012284
0.0017109317636030458 0.027159332525850316 3.499796879056578e-05 0.8617493585039816 -1.2128646777045633 0.20065502855735118 -0.014863059711113472 0.0011665966824788397 0.0007436082567070064 0.005141566875269076
0.0023538177386357496 -0.004365339244475723 -1.353755269535845e-05 -0.21339702940235464 -0.9371055585087 -3.085971974855984 0.08534896346471471 -0.00015672220724977304 -8.956460098249388e-05 -0.0008050186021512725
0.0017109317636030458 -0.0003579657143495317 -7.394394668088517e-06 -0.07619661368690969 -2.288325242568429 -3.944735804780113 -0.014005732516643459 -8.460863186768113e-05 -4.812476045599877e-05 -0.00045483079070318536
-0.005842978443031226 -0.004454391989589638 -1.3944047850181935e-05 -0.17503992393352058 1.1586637473798582 0.8261743614650497 -0.009909613698620064 -0.0001683160296584695 -9.28797882246135e-05 -0.0008050186021512725
-0.006003699936789402 -0.004187233754247892 -1.3903398334699586e-05 -0.08537609191876742 -1.6678672243777368 -0.03258946845907922 -0.023722107387303605 -0.00016877978255481737 -9.228305452103197e-05 -0.0007851966505598714
-0.005200092467998522 -0.004543444734703554 -1.3951669634334876e-05 -0.20700417849088232 3.6198138862029348 3.8583528226786425 -0.006099270612086672 -0.00016785227676212165 -9.28134844797711e-05 -0.0008050186021512725
-0.0032714345429004097 -0.004543444734703554 -1.3921182497723115e-05 -0.21487230268961752 3.6198138862029348 3.8583528226786425 0.016762787907113677 -0.0001650697593840345 -9.20178395416624e-05 -0.0008050186021512725
0.04221274819066339 0.036777028998153174 0.00034752160619773236 0.027236435675630055 -2.894995304799327 -5.439620990203598 -0.021931246136632915 0.001652377841403221 0.001063590129316391 0.018514776882267728
-0.005842978443031226 -0.003474811793336569 -1.3748422056923132e-05 0.08247722432091673 -2.2124914847895663 -1.6122908346158114 -0.023245814501486932 -0.00016715664741759985 -9.062546089997217e-05 -0.0007653746989684702
-0.002789270061625882 -0.004543444734703554 -1.3913560713570174e-05 -0.21569189896031907 3.6198138862029348 3.8583528226786425 0.022478302536913762 -0.0001643741300395127 -9.181892830713523e-05 -0.0008050186021512725
-0.005360813961756698 -0.004543444734703554 -1.3954210229052522e-05 -0.20552890520361944 3.6198138862029348 3.8583528226786425 -0.008004442155353368 -0.00016808415321029556 -9.28797882246135e-05 -0.0008050186021512725
-0.001985662592835002 0.0047180407571436435 -5.709980370288697e-06 0.3332736831556011 -1.7299130261968059 -2.3226263482567577 -0.016863489831543503 -1.5968634214145433e-06 -3.5023401770688264e-06 8.696921946177979e-05
-0.001503498111560474 -0.002406178851969585 -1.182011066622922e-05 -0.10144017882451845 -1.5093057308401157 -1.082189705033015 -0.02313150420889093 -0.00011985385199011834 -6.344092551459136e-05 -0.00011125029645223184
0.006371855082590149 0.02341911723106587 5.2444232716646275e-05 0.4001527388448502 -1.2404405896241495 -0.4460683495336604 -0.009509527674534056 0.0016208426444515667 0.0009356902055154166 0.004731913209046785
-0.002146384086593178 0.0007997199721313679 -9.33032784293537e-06 0.11132701304961243 -2.1918095508498765 -1.6228928572074672 -0.023474435086678937 -0.0001036225006179433 -3.493031523236273e-05 0.00019929361181305306
-0.004396484999207642 -0.0020499678715139233 -1.280078022724088e-05 0.0752647771387428 -2.2814312645885324 -1.4850665635159401 -0.02214081500639225 -0.0001548671956643816 -7.829296435928721e-05 -0.0006398356722229295
-0.005360813961756698 -0.004543444734703554 -1.3954210229052522e-05 -0.20552890520361944 3.6198138862029348 3.8583528226786425 -0.008004442155353368 -0.00016808415321029556 -9.28797882246135e-05 -0.0008050186021512725
-0.005521535455514873 -0.004543444734703554 -1.395675082377017e-05 -0.20372579340807598 3.6198138862029348 3.8583528226786425 -0.009909613698620064 -0.0001683160296584695 -9.29460919694559e-05 -0.0008050186021512725
-0.005682256949273049 -0.004543444734703554 -1.3959291418487816e-05 -0.20143092385011155 3.6198138862029348 3.8583528226786425 -0.011814785241886758 -0.00016854790610664342 -9.301239571429828e-05 -0.0008050186021512725
-0.0047179279867239935 -0.002940495322653077 -1.3303817981334945e-05 0.0005175972507584515 -2.391734912266877 -1.0079755468914233 -0.021664522120575576 -0.00016251911845412126 -8.399508641573294e-05 -0.0007323381129828016
-0.004878649480482169 -0.004543444734703554 -1.3946588444899582e-05 -0.20929904804884675 3.6198138862029348 3.8583528226786425 -0.0022889275255532806 -0.0001673885238657738 -9.268087699008632e-05 -0.0008050186021512725
-0.006325142924305753 -0.004187233754247892 -1.3928804281876055e-05 -0.017021762942255415 -0.8612718007298381 1.7379483043474595 -0.022617107892208922 -0.00016877978255481737 -9.248196575555914e-05 -0.0007918039677570052
0.0015502102698448698 -0.0003579657143495317 -7.516343214535563e-06 -0.07340998636652431 -2.026354079332359 -2.778513319697962 -0.01812090305009952 -6.373975153202752e-05 -3.0487964327922448e-05 -0.00016410883402930162
-0.001182055124044122 0.003916566051118405 -5.199320832041692e-06 0.21525182017457312 -2.612342207623567 -4.549051092504501 -0.012386336704866767 -9.365181334646436e-05 -4.600304062104222e-05 -0.0005275112798716563
-0.005521535455514873 -0.004543444734703554 -1.395675082377017e-05 -0.20372579340807598 3.6198138862029348 3.8583528226786425 -0.009909613698620064 -0.0001683160296584695 -9.29460919694559e-05 -0.0008050186021512725
-0.005842978443031226 -0.004543444734703554 -1.3961832013205462e-05 -0.19848037727558585 3.6198138862029348 3.8583528226786425 -0.013719956785153455 -0.00016877978255481737 -9.307869945914068e-05 -0.0008050186021512725
0.006371855082590149 0.023330064485951957 5.223336335508159e-05 0.3981857077951664 -1.3300623033628052 -0.1810177847422622 -0.010347803153571405 0.001534584605730865 0.0009765333123383301 0.004725305891849651
-0.005842978443031226 -0.0024952315970835004 -1.355279626366433e-05 0.3401582918294943 -2.5778723177240845 -3.584267036663812 -0.02345538337124627 -0.00016646101807307807 -9.022763843091781e-05 -0.0007521600645742028
-0.006003699936789402 -0.0031186008128809076 -1.3720475515029017e-05 0.24246241636186572 -2.329689110447808 -0.09620160400901479 -0.021721677266873574 -0.00016715664741759985 -8.929938600312432e-05 -0.0007785893333627377
0.0013894887760866937 0.03642081801769751 4.69235203951998e-05 1.2312233573362552 -1.9505203215534965 -4.114368166246608 -0.005108581409587991 0.000897851879045256 0.00030016881120108744 0.0018313009595050823
-0.004878649480482169 -0.004543444734703554 -1.3946588444899582e-05 -0.20929904804884675 3.6198138862029348 3.8583528226786425 -0.0022889275255532806 -0.0001673885238657738 -9.268087699008632e-05 -0.0008050186021512725
-0.005200092467998522 -0.004454391989589638 -1.3923723092440761e-05 -0.1920875263641135 1.110405901520582 -0.0007834006841114401 -0.000383755982286585 -0.00016715664741759985 -9.261457324524393e-05 -0.0008050186021512725
-0.005682256949273049 -0.003207653557994823 -1.3654420052370201e-05 0.10591767766298199 -2.1987035288297734 2.363467637255158 -0.017530299871686847 -0.00016576538872855627 -8.624941374037428e-05 -0.0007851966505598714
-0.005682256949273049 -0.004187233754247892 -1.387799238752312e-05 -0.11947129677995326 -1.3783201492220807 -1.9727596027321121 -0.020064178024231553 -0.00016785227676212165 -9.234935826587436e-05 -0.0007918039677570052
0.02469410537102221 0.012999946052737773 8.51188213803016e-05 -0.05718198020663299 -1.392108105181874 -3.2237982685475104 0.062353542937485705 0.002300008761153005 0.000766018922463735 0.0006882350844009484
-0.0068073074055802815 -0.002406178851969585 -1.391610130828782e-05 3.8760605228902625 3.6198138862029348 3.8583528226786425 0.020573130993647066 -0.00016460600648768664 -9.188523205197761e-05 -0.0008050186021512725
-0.004396484999207642 -0.0027623898324252464 -1.312597635109967e-05 -0.006694849931415483 -2.619236185603464 -1.2836281342744775 -0.02400788311879361 -0.00016298287135046912 -8.207227781530357e-05 -0.0006794795754057318
-0.005200092467998522 -0.0003579657143495317 -1.2638182165311486e-05 0.4934227944506903 -1.6402913124581509 -2.608880958231467 -0.013053146745010112 -0.00014141836167029374 -7.988425423550463e-05 -0.000699301526997133
-0.0035928775304167617 -0.004276286499361808 -1.376620621994666e-05 -0.19077617233099098 -1.137030919925701 0.07343075745748005 -0.01998797116250088 -0.0001643741300395127 -8.996242345154824e-05 -0.0007653746989684702
-0.004235763505449465 -0.0038310227737922307 -1.3590905184429031e-05 -0.13520754517742364 -1.8333226958952547 -1.4744645409242843 -0.023474435086678937 -0.00016298287135046912 -8.850374106501562e-05 -0.000699301526997133
-0.005682256949273049 -0.004543444734703554 -1.3959291418487816e-05 -0.20143092385011155 3.6198138862029348 3.8583528226786425 -0.011814785241886758 -0.00016854790610664342 -9.301239571429828e-05 -0.0008050186021512725
0.0018716532573612218 -0.0003579657143495317 -7.2724461216414715e-06 -0.07881932175315476 -2.2952192205483253 -2.8845335456145214 -0.0189401268137042 -8.344924962681148e-05 -2.989123062434092e-05 -0.00023018200600063881
-0.004557206492965818 -0.004543444734703554 -1.394150725546429e-05 -0.2109382405902499 3.6198138862029348 3.8583528226786425 0.0015214155609801106 -0.00016692477096942593 -9.254826950040154e-05 -0.0008050186021512725
0.043016355659454275 0.036598923507925346 0.0003518406172177319 0.022154938797280255 -2.66749403146274 -5.047346154312328 -0.01956883342298221 0.0027584284991928622 0.0014375432502274832 0.020411076917845106
0.062142213416677215 -0.004187233754247892 -8.517337533288396e-06 -0.21995379956796732 -1.7850648500359785 -4.400622776221318 0.06153431917388102 -6.258036929115788e-05 -6.204854687290113e-05 -0.0007455527473770691
-0.003432156036658586 -0.004543444734703554 -1.3923723092440761e-05 -0.21454446418133688 3.6198138862029348 3.8583528226786425 0.014857616363846981 -0.0001653016358322084 -9.20841432865048e-05 -0.0008050186021512725
-0.005200092467998522 -0.004543444734703554 -1.3951669634334876e-05 -0.20700417849088232 3.6198138862029348 3.8583528226786425 -0.006099270612086672 -0.00016785227676212165 -9.28134844797711e-05 -0.0008050186021512725
-0.004396484999207642 -0.004276286499361808 -1.3817018114299596e-05 -0.18094101708257196 -2.1987035288297734 -1.1139957728079828 -0.017530299871686847 -0.00016808415321029556 -9.128849834839609e-05 -0.0007984112849541388
-0.006003699936789402 -0.0038310227737922307 -1.3842424061476064e-05 0.023958050592823722 -2.2538553526689458 -3.605471081847124 -0.019435471414953543 -0.00016854790610664342 -9.248196575555914e-05 -0.0007984112849541388
-0.006003699936789402 -0.0027623898324252464 -1.3659501241805495e-05 0.35179655887345684 -1.909156453674117 -2.036371738282048 -0.02387452111076494 -0.00016460600648768664 -8.982981596186346e-05 -0.0007125161613914005
-0.006164421430547577 -0.004276286499361808 -1.3928804281876055e-05 -0.09078542730539786 -0.17187400274018053 0.14764491559907156 -0.018482885643320193 -0.0001683160296584695 -9.268087699008632e-05 -0.0007984112849541388
-0.006164421430547577 -0.004454391989589638 -1.3954210229052522e-05 -0.15635312896152448 1.5516204922339623 0.6777460451818668 -0.013719956785153455 -0.00016877978255481737 -9.307869945914068e-05 -0.0008050186021512725
-0.006164421430547577 -0.0038310227737922307 -1.3865289413934885e-05 0.07313382683491869 -2.0470360132720486 -1.0927917276246708 -0.02400788311879361 -0.00016854790610664342 -9.195153579682001e-05 -0.0007785893333627377
-0.0018249410990768258 0.004807093502257559 -5.361918893971087e-06 0.32114365834921765 -1.909156453674117 -2.5558708452731875 -0.018368575350724194 -1.4813820967328497e-05 -4.629503839389494e-06 0.00015964970863025074
-0.004878649480482169 -0.003920075518906146 -1.3715394325593725e-05 -0.12111048932135643 -2.2124914847895663 1.4092856040061257 -0.02501762403672496 -0.000166692894521252 -8.823852608564604e-05 -0.0007125161613914005
-0.006325142924305753 -0.004187233754247892 -1.3928804281876055e-05 -0.017021762942255415 -0.8612718007298381 1.7379483043474595 -0.022617107892208922 -0.00016877978255481737 -9.248196575555914e-05 -0.0007918039677570052
0.0009073242948121658 0.0024026693841818444 -4.144974024218276e-06 0.042317007056539194 -2.695069943382326 -4.845907725070866 -0.013034095029577444 -9.527494848368186e-05 -4.752802675241724e-05 -0.0005209039626745225
-0.006164421430547577 -0.004454391989589638 -1.3954210229052522e-05 -0.15635312896152448 2.9304160882132773 2.798150563513051 -0.009909613698620064 -0.0001683160296584695 -9.29460919694559e-05 -0.0008050186021512725
0.007657627032655557 0.020747534877648407 5.191070782594045e-05 0.29147427334982035 -2.18491557286998 -4.994336041354049 0.18992382947462363 0.0007802905198210741 0.0001907013284662979 -0.0005737625002515923
-0.005682256949273049 -0.004543444734703554 -1.3959291418487816e-05 -0.20143092385011155 2.7580666387158628 3.8583528226786425 -0.013719956785153455 -0.00016877978255481737 -9.301239571429828e-05 -0.0008050186021512725
-0.0047179279867239935 -0.002940495322653077 -1.3303817981334945e-05 0.0005175972507584515 -2.495144581965326 -1.4002503827826926 0.030098988709980547 -0.00016344662424681698 -8.465812386415686e-05 -0.0008050186021512725
0.0017109317636030458 -0.004543444734703554 -1.3842424061476064e-05 -0.2188063647889851 3.6198138862029348 3.8583528226786425 0.07582310574838123 -0.0001578815894906427 -8.996242345154824e-05 -0.0008050186021512725
-0.005682256949273049 -0.004543444734703554 -1.3959291418487816e-05 -0.20143092385011155 3.6198138862029348 3.8583528226786425 -0.011814785241886758 -0.00016854790610664342 -9.301239571429828e-05 -0.0008050186021512725
-0.0006998906427695941 0.0016011946781566062 -7.04379259705326e-06 0.0723142305642171 -2.6537060755029467 -4.0401540081050165 -0.013719956785153455 -0.00011359318788942225 -4.732911551789007e-05 -0.0005803698174487261
-0.005682256949273049 -0.004543444734703554 -1.3959291418487816e-05 -0.20143092385011155 2.7580666387158628 3.8583528226786425 -0.013719956785153455 -0.00016877978255481737 -9.301239571429828e-05 -0.0008050186021512725
-0.005521535455514873 -0.004543444734703554 -1.395675082377017e-05 -0.20372579340807598 3.6198138862029348 3.8583528226786425 -0.009909613698620064 -0.0001683160296584695 -9.29460919694559e-05 -0.0008050186021512725
-0.006003699936789402 -0.0035638645384504846 -1.3796693356558421e-05 0.10591767766298199 -2.3159011544880146 -1.2942301568661334 -0.02433176228114895 -0.00016808415321029556 -9.108958711386891e-05 -0.0007653746989684702
-0.005521535455514873 -0.004098181009133977 -1.3842424061476064e-05 -0.11258668810605996 -0.4683150558757334 -1.2412200439078538 -0.016577714100053497 -0.0001653016358322084 -9.168632081745043e-05 -0.0007851966505598714
-0.004557206492965818 -0.0033857590482226536 -1.3446091285523165e-05 -0.06898416650473575 -2.5158265159050157 -3.160186132997575 -0.02339822822494827 -0.0001650697593840345 -8.883525978922758e-05 -0.0007323381129828016
-0.005682256949273049 -0.004543444734703554 -1.3959291418487816e-05 -0.20143092385011155 3.6198138862029348 3.8583528226786425 -0.011814785241886758 -0.00016854790610664342 -9.301239571429828e-05 -0.0008050186021512725
-0.005842978443031226 -0.004543444734703554 -1.3961832013205462e-05 -0.19848037727558585 3.6198138862029348 3.8583528226786425 -0.013719956785153455 -0.00016877978255481737 -9.307869945914068e-05 -0.0008050186021512725
-0.0035928775304167617 0.0014230891879287754 -1.0351646919429377e-05 0.3088497142886939 -2.9156772387390166 -5.588049306486781 -0.016215731506832823 -0.00015324406052716412 -8.319944147762423e-05 -0.0007257307957856679
-0.0037535990241749375 -0.00115944042037477 -1.1997952296464496e-05 0.09772171495596617 -2.309007176508118 -2.4498506193566283 -0.02094055693413423 -0.0001451283848410766 -7.259084230284148e-05 -0.0005869771346458598
0.006050412095073798 -0.00026891296923561636 -3.895995741888891e-06 -0.1227496818627596 -2.495144581965326 -2.52406477749822 -0.02275046990023759 -6.629039246194073e-05 1.1217091177942239e-05 0.0005032302028812043
-0.001182055124044122 -0.0003579657143495317 -9.589468504135341e-06 -0.0034164648486091492 -2.288325242568429 -2.1105858964236393 -0.020235643463125553 -0.00011312943499307439 -4.348349831703132e-05 -0.00035572103274617955
-0.002307105580351354 0.0007997199721313679 -9.485304120711824e-06 0.12280136083943463 -2.439992758126153 -2.174198031973575 -0.023664952241005607 -0.00012078135778281404 -4.301937210313457e-05 -1.8747855692359745e-05
-0.0040750420116912895 -0.004543444734703554 -1.3933885471311347e-05 -0.21274135238579336 3.6198138862029348 3.8583528226786425 0.007236930190780197 -0.00016622914162490413 -9.234935826587436e-05 -0.0008050186021512725
0.006371855082590149 0.02439869742731894 5.476379569385779e-05 0.4219539996455123 -1.3024863914432188 0.37028739002384603 -0.012672112436356773 0.0016245526676223496 0.0011098038394715384 0.005960874207713658
-0.0047179279867239935 -0.004454391989589638 -1.390847952413488e-05 -0.19848037727558585 0.4210081035309249 -1.060985659849703 0.0015214155609801106 -0.00016692477096942593 -9.254826950040154e-05 -0.0008050186021512725
-0.004878649480482169 -0.004543444734703554 -1.3946588444899582e-05 -0.20929904804884675 3.6198138862029348 3.8583528226786425 -0.0022889275255532806 -0.0001673885238657738 -9.268087699008632e-05 -0.0008050186021512725
-0.006003699936789402 -0.003474811793336569 -1.378144978825254e-05 0.13329219310441484 -2.5640843617642917 -1.9833616253237683 -0.019435471414953543 -0.00016854790610664342 -9.122219460355369e-05 -0.0007984112849541388
-0.005682256949273049 -0.004276286499361808 -1.3898317145264292e-05 -0.13996120354749284 -0.25460173849893947 -0.4460683495336604 -0.013719956785153455 -0.00016715664741759985 -9.228305452103197e-05 -0.0007984112849541388
