-2.762505059763948 -1.0862410886711074 -8.06893945758718 0.09507365138030495 -0.0015066751340869922 -1.8569061656784587 -1.0706325082746524 10.879914883874404 -0.5436815739843978 0.30534749862579147 -6.403974902001293 -1.4805544631641672 -0.002838967309247289
-2.0255309278842644 0.6329582904687133 -3.4221336343265345 0.04744780541732441 -0.12241735464457242 -1.8569061656784587 -1.0101040473352756 2.52783894376994 -1.9625578768217293 0.9636916017912551 -3.529190843506254 -1.1676891969282321 -0.0023433677300280266
-0.2138028536800449 1.0214312271012687 -7.604258875261113 -0.01922837893084828 -0.10629593070984103 0.2895276346976107 0.5182395913839858 -5.824236996334524 -0.2797045874100102 -0.5163451414153134 0.37230180730844303 0.7877187170463619 0.001511295663899571
2.7648009293336746 -0.6068489541032727 -1.5634113050222729 -0.6669398840273837 -0.009567387101452687 2.170423232965299 1.244581122656506 -4.539302236318456 4.603869664216155 0.2805977203113004 6.327211642762451 0.7877187170463619 0.007150117543016514
1.1987308990893442 -0.5820528092118331 8.19488092382509 0.03792263622472817 0.030736172735375787 1.3959368101491927 0.7376552622892263 0.6004368037458314 0.6442148656003455 -0.461895629123433 7.353920235082109 1.4134492495182318 0.00018969678598153758
0.43104951171467465 1.9388885880845386 -2.260432178511366 0.09507365138030495 -0.09017450677510963 -0.7062406232088134 -0.9041792406913665 7.025110603826187 -1.797572260212737 -0.48664540743792406 0.37230180730844303 -0.6983912975743298 -0.003830166467685814
0.12397695676480792 0.467650657859115 6.336158594520839 0.42845457312116875 -0.04987094693828116 -1.702008881115237 -1.116028853979185 8.952512743850296 -3.3484370563372625 -0.4990202965951698 -0.038381629619420043 -0.6827480342625327 -0.004160566187165322
-1.5956293509544477 0.6990813435125526 -2.260432178511366 -0.04780388650863667 0.02267546076801009 -2.0560598172597437 -0.9798398168655874 2.52783894376994 -2.061549246787125 -0.26884735827040224 -4.350557717361978 -1.1676891969282321 -0.002453500969854529
-0.7665334525898061 0.5751006190553537 -3.8868142166526 -0.04780388650863667 -0.04181023497091547 -1.148804293389446 -0.8814810678391002 16.019653923938687 1.0071832221401285 1.028041025408932 -6.814658338929154 -1.5431275164113543 -0.002453500969854529
-1.6877511174394115 0.988369700579349 4.709776556379605 -0.03827871731604043 -0.009567387101452687 0.2010149006614841 0.31395603571358943 -7.109171756350596 1.3701515786799106 -0.461895629123433 2.836402428875619 1.601168409259793 -0.0014072351915027528
-0.7358261970948199 -0.011741476708719627 9.821262961966324 0.19032534330626602 0.11940400437639843 1.0640140575137174 0.5258056490014077 1.885371563761904 0.8421976055311362 -0.5064452300895169 3.041744147339551 0.6782158738637849 -0.0017927015308955125
0.7688293221595329 -0.9126680744310293 5.871478012194774 0.33320288119520763 -0.017628099068818383 1.5065777276943504 0.9495048755770445 -4.539302236318456 2.6900365115518468 -0.1648982893495396 6.12186992429852 0.334064081004256 0.004264626659562141
-0.9507769855597282 -0.011741476708719627 -1.7957515961853003 0.09507365138030495 0.13552542831112982 -1.480727046024921 -0.9949719321004314 10.879914883874404 -0.3456988340536071 0.7260937299721407 -5.993291465073431 -1.3710516199815896 -0.0006363025127172333
-0.0909738317001004 0.9057158842745503 3.5480751005644464 0.3808287271581882 0.06297902060483856 -1.3700861284797627 -0.8133865492823016 4.4552410837940455 -0.3456988340536071 1.0676406707121178 -0.8597485034751462 -1.4649111998523703 -0.0022332344902015236
0.7074148111695606 -0.6151143357337526 -2.0280918873483382 -0.2287821011679626 -0.017628099068818383 0.6435785708421163 0.6695607437324272 -5.824236996334524 0.4132350023477564 -0.6351440773248709 4.479136176587072 2.352045048226037 0.001511295663899571
1.9049977754740413 -0.4828682296460742 -1.0987307226962075 -0.01922837893084828 -0.0015066751340869922 0.9533731399685595 0.6998249742021156 -2.6119000962943466 2.6900365115518468 -0.04114939777708402 3.6577693027313454 0.3966371342514431 0.001786628763465828
-2.1176526943692284 0.05438157633511968 0.7599916066080542 0.2855770352322271 0.07103973257220426 -1.8569061656784587 -0.48048001411572966 -7.751639136358633 -1.0056413004895752 1.0973404046895074 -8.457392086640606 -1.6057005696585411 -0.004601099146471333
2.273484841413886 1.1454119515584675 1.4570124800971471 -0.5526378537162304 0.2000111240500554 1.5065777276943504 0.7906176656111807 -10.321508656390774 1.700122811897895 -0.3133969592364864 -0.038381629619420043 1.6168116725715895 -0.0015173684313292556
1.290852665574308 -0.7638912050823911 -7.604258875261113 -0.28593311632353935 -0.017628099068818383 1.7278595627846671 1.055429682220954 -9.67904127638274 1.8981055518286856 -0.06589917609157527 0.37230180730844303 1.3039464063356547 0.000960629464767057
-1.8719946504093339 1.6578656126482219 0.7599916066080542 0.23795118926924658 -0.1385387785793038 -1.3700861284797627 -1.017670104952698 7.025110603826187 -2.325526233361512 0.3177223877830372 -7.225341775857017 -0.9956133004984677 -0.003004167168987043
-3.775844491098512 1.0544927536231883 -5.745536545956851 -0.04780388650863667 0.07103973257220426 -2.078188000768775 -0.9193113559262107 -4.539302236318456 -1.4016067803511565 0.4563211463441876 -4.966582872753772 -0.7766076141333134 -0.00047110265297747915
-1.9641164168942922 0.294077643619037 3.780415391727474 0.4760804190841493 -0.017628099068818383 0.0018612490801986996 -1.0555003930398081 10.879914883874404 -2.490511849970504 -0.3579465602025704 -0.038381629619420043 -0.5419586644563622 -0.003389633508379803
0.646000300179583 0.5420390925334341 2.1540333535862506 0.09507365138030495 0.030736172735375787 -1.082419742862351 -1.0857646235094967 8.952512743850296 -2.5235089732923024 -0.12034868838345565 1.3990103996280985 -1.0581863537456548 -0.002398434349941278
0.9223655996344635 0.12877001100943872 -3.4221336343265345 0.2855770352322271 -0.10629593070984103 -2.1445725512958695 -0.9949719321004314 3.170306323777973 -1.7645751368909386 0.7953931092527157 -3.939874280434117 -1.2771920401108094 -0.003114300408813546
0.06256244577483568 0.4263237497067156 4.012755682890512 0.4760804190841493 0.1597075642132269 -2.033931633750712 -0.32159280414986585 -9.036573896374703 -1.0386384238113737 0.5528452817707026 -6.198633183537361 -1.871636045959086 -0.004380832666818328
1.7821687534940969 -0.8052181132347906 -3.8868142166526 -0.28593311632353935 0.183889700115324 1.5065777276943504 0.8889764146376679 -7.751639136358633 1.7661170585414918 -0.17727317850678512 4.068452739659208 1.8983904121839312 -0.0012971019516762501
2.212070330423908 -0.6977681520385517 0.06297073311896123 -0.3621344698643083 0.07103973257220426 2.1040386824382047 1.055429682220954 -1.3269653362782738 1.337154455358112 0.09497438295261706 3.2470858658034825 0.5530697673694107 0.0060818251166994365
1.4136816875542524 -0.7225642969299915 -4.119154507815628 -0.152580747627194 0.03879688470274148 1.2410395255859705 1.1689205464822852 -2.6119000962943466 1.700122811897895 0.6270946167141761 4.684477895051003 0.9441513501643295 0.0039892935599958835
1.0759018771093996 -0.8548104030176699 4.012755682890512 0.09507365138030495 0.09522186847430135 1.3959368101491927 1.0629957398383758 2.52783894376994 0.5122263723131517 0.05784971548088031 4.8898196135149306 0.1150583946391013 0.0025575614422513474
2.2427775859188994 1.186738859710867 -0.16936955804407663 -0.009703209738252375 0.06297902060483856 1.1746549750588762 0.49554141853171935 -3.896834856310419 -1.0386384238113737 -0.2787472695961987 -0.4490650665472831 1.3039464063356547 0.0020068952431188335
-0.36733913115498096 -0.036537621600159186 -2.260432178511366 0.09507365138030495 -0.11435664267720672 -2.033931633750712 -1.1311609692140292 0.6004368037458314 -3.051462946441077 -0.18964806766403083 -3.939874280434117 -0.04137423847886567 -0.0012971019516762501
-1.3192640514995673 -0.7886873499738308 2.386373644749278 -0.0954297324716172 -0.04181023497091547 0.2895276346976107 0.32908815094843363 -4.539302236318456 -0.41169308069720395 -0.5237700749096608 4.684477895051003 0.0211988147683207 0.0022822283426850907
0.8609510886444913 -0.8878719295395896 5.871478012194774 0.04744780541732441 0.23225397191951816 1.3959368101491927 0.5636359370885183 8.952512743850296 -0.7086671905933892 -0.2391476242930129 7.353920235082109 0.7877187170463619 0.003713960460429627
-1.2271422850146088 1.0710235168841482 -2.0280918873483382 0.23795118926924658 0.07910044453956995 -2.0118034502416804 -0.45778184126346355 -1.3269653362782738 -1.4016067803511565 0.7508435082866317 -6.609316620465225 -1.8247062560236955 -0.003830166467685814
4.146627426608077 -0.7969527316043107 -6.442557419445954 -0.4764365001754615 -0.04987094693828116 1.0640140575137174 0.7452213199066482 -4.539302236318456 1.3701515786799106 -0.28864718092199515 3.863111021195277 0.5530697673694107 0.0016214289037260739
0.6152930446845968 -0.6399104806251923 -2.0280918873483382 -0.17163108601238614 0.006554036833278703 0.2231430841705153 0.5258056490014077 3.812773703786009 1.337154455358112 -0.6252441659990744 6.9432367981542455 0.5843562939930043 0.0010156960846803085
-0.6437044306098616 1.385108018842385 -4.351494798978665 0.09507365138030495 0.13552542831112982 -1.6134961470791105 -0.9874058744830095 4.4552410837940455 -0.7086671905933892 0.9488417348025604 -6.198633183537361 -1.4649111998523703 -0.0006913691326304847
0.799536577654519 -0.7721565867128709 -4.583835090141693 -0.24783243955315507 0.11940400437639843 0.6214503873330851 0.6846928589672715 -9.67904127638274 0.18225513909516802 -0.12777362187780306 0.5776435257723745 1.1005839832822972 0.001786628763465828
-0.9507769855597282 2.1372577472160565 -2.957453052000469 0.2855770352322271 -0.08211379480774395 -1.281573394443636 -1.032802220187542 16.019653923938687 -0.04872472415742108 0.379596833569265 -5.993291465073431 -1.5900573063467445 -0.0019028347707220152
2.7648009293336746 0.814796686339271 -3.8868142166526 -0.28593311632353935 -0.009567387101452687 2.0597823154201413 0.8889764146376679 -5.824236996334524 2.063091168437677 -0.36289651586546845 3.041744147339551 1.476022302765419 0.0018416953833790793
1.9664122864640137 -0.9291988376919892 -2.957453052000469 -0.20973176278277045 -0.06599237087301255 -0.2636769530281802 0.32908815094843363 -6.466704376342561 0.01726952248617581 -0.33814673755097746 5.711186487370656 0.5061399774340201 0.004209560039648889
0.0011479347848634236 -0.6564412438861522 -0.8663904315331696 0.1426994973432855 -0.025688811036184075 0.8427322224234017 0.7452213199066482 -6.466704376342561 0.97418609881833 -0.3133969592364864 3.041744147339551 1.5229520927008096 0.00024476340589478897
1.0451946216144135 -0.7060335336690317 -0.6340501403701421 -0.4764365001754615 0.06297902060483856 3.4538578764891343 1.3202416988307268 -2.6119000962943466 1.0071832221401285 0.16922371789609036 2.425718991947756 1.1944435631530772 0.003218360881210364
0.24680597874475788 -0.7225642969299915 0.2953110242819888 0.1426994973432855 0.10328258044166704 1.418064993658224 0.5939001675582064 -10.321508656390774 2.9210163748044367 -0.028774508619838504 1.8096938365559616 0.8346485069817519 0.002447428202424845
2.0892413084439636 -0.07786452975255893 0.7599916066080542 0.09507365138030495 -0.09823521874247533 -1.4143424954978259 -0.9798398168655874 5.097708463802082 -1.0716355471331722 0.8250928432301048 -5.582608028145567 -1.2302622501754192 -0.0026187008295942833
-1.257849540509595 -0.9126680744310293 -8.06893945758718 -0.33355896228651993 -0.04181023497091547 0.17888671715245197 0.4879753609142974 -5.181769616326488 -0.6426729439497924 -0.6598938556393619 5.916528205834588 0.3027775543806625 0.001346095804159817
3.9009693826481833 -0.7225642969299915 -1.331071013859235 -0.7240908991829603 -0.09823521874247533 1.7278595627846671 1.2824114107436164 4.4552410837940455 4.108912814389179 -0.2391476242930129 7.353920235082109 0.36535060762784954 0.002777827921904353
-0.4901681531349255 0.5255083292724746 -1.5634113050222729 0.23795118926924658 -0.09017450677510963 -0.861137907772035 -0.9344434711610549 5.740175843810118 -1.0386384238113737 0.5082956808046186 -7.020000057393085 -1.3710516199815896 -0.0027288340694207863
-1.3192640514995673 -0.6895027704080718 -8.06893945758718 -0.1906814243975783 0.030736172735375787 1.5065777276943504 0.7603534351414925 -5.181769616326488 1.5351371952889021 -0.328246826225181 -0.24372334808335158 1.3352329329592483 -0.00014070293349797077
-3.1616993811987784 0.3519353150323962 4.477436265216578 0.7618354948620325 -0.04987094693828116 -0.9275224582991299 -1.0706325082746524 17.30458868395476 -1.4016067803511565 0.2805977203113004 -4.55589943582591 -1.1989757235518257 -0.00019576955341122216
0.7381220666645468 -0.9705257458443887 1.2246721889341197 -0.2192569319753667 0.03879688470274148 2.391705068055616 1.2672792955087722 -10.96397603639881 1.5681343186107013 0.10734927210986259 -0.038381629619420043 0.5843562939930043 0.004264626659562141
-1.933409161399306 -0.8300142581262302 1.689352771260185 -0.11448007085680936 -0.06599237087301255 0.35591218522470525 0.2836918052439011 -6.466704376342561 -0.3456988340536071 -0.6029693655160323 4.068452739659208 1.773244305689557 0.0012910291842465654
1.659339731514147 -0.7638912050823911 -5.513196254793824 -0.28593311632353935 -0.05793165890564685 0.7320913048782429 0.2534275747742127 -6.466704376342561 1.3701515786799106 -0.41239607249445076 3.041744147339551 1.71067125244237 0.001511295663899571
0.03185519027984955 0.814796686339271 -5.977876837119889 0.04744780541732441 -0.12241735464457242 -1.5471115965520155 -1.1462930844488732 14.092251783914579 -2.259531986717915 -0.1648982893495396 -1.68111537733087 -1.0581863537456548 -0.0034997667482063056
0.0011479347848634236 -0.7721565867128709 4.477436265216578 0.33320288119520763 -0.11435664267720672 0.6214503873330851 -0.6771975121687039 10.237447503866369 2.3930624016556616 1.3324632986771727 -6.609316620465225 -1.120759406992842 -0.0030592337889002947
-2.7010905487739754 -0.11919143790495833 -5.745536545956851 -0.04780388650863667 -0.07405308284037825 -1.5471115965520155 -1.0101040473352756 17.30458868395476 -2.061549246787125 0.1815986070533359 -3.3238491250423223 -1.4336246732287767 -0.0022332344902015236
1.2294381545843356 2.0132770227588574 -5.048515672467758 0.09507365138030495 -0.18690305038349797 -2.9633153411300404 -1.2522178910927824 2.52783894376994 -2.919474453153883 -0.36289651586546845 -6.403974902001293 -1.8247062560236955 -0.005316965205343601
-0.5515826641248978 -0.7308296785604714 -7.139578292935047 -0.1906814243975783 -0.07405308284037825 0.17888671715245197 0.14750276813030339 -5.824236996334524 -0.7086671905933892 -0.5980194098531341 2.631060710411688 0.42792366087503664 0.004264626659562141
2.734093673838683 -0.5407259010594335 1.2246721889341197 -0.20973176278277045 0.07910044453956995 3.38747332596204 1.1310902583951747 -7.751639136358633 2.0300940451158795 0.3548470552547737 -0.6544067850112146 1.491665566077216 0.006412224836178945
2.51914288537378 -0.5655220459508733 6.336158594520839 0.09507365138030495 0.13552542831112982 1.0640140575137174 0.8662782417854017 -1.9694327162863101 1.337154455358112 -0.04114939777708402 3.6577693027313454 0.2402045011334754 0.004209560039648889
-2.916041337238884 2.401749959391413 4.477436265216578 0.5713321110101104 -0.05793165890564685 -1.1709324768984777 -1.0555003930398081 17.30458868395476 -1.5335952736383496 -0.33814673755097746 -1.4757736588669408 -1.2615487767990128 -0.004215632807078574
-1.3192640514995673 -0.4580720847546346 17.953173152672463 0.5713321110101104 0.1677682761805926 0.6878349378601796 0.5182395913839858 7.025110603826187 1.1721688387491198 -0.6895935896167512 4.8898196135149306 1.1005839832822972 -0.0007464357525437361
1.7821687534940969 -0.37541826844983545 3.780415391727474 -0.13353040924200152 0.1435861402784955 0.6214503873330851 0.38961661188781005 -3.2543674763023827 -1.0386384238113737 -0.3257718483937319 3.4524275842674137 1.6950279891305735 0.004374759899388643
0.49246402270465234 0.4097929864457558 2.6187139359123157 -0.3621344698643083 0.10328258044166704 0.8427322224234017 0.7830516079937585 -12.248910796414881 0.3142436323823611 -0.3133969592364864 1.3990103996280985 1.3508761962710447 -0.0005812358928039819
0.8302438331495051 -0.7225642969299915 -0.8663904315331696 -0.28593311632353935 -0.11435664267720672 0.6214503873330851 0.5787680523233621 -4.539302236318456 0.8092004822093377 -0.18964806766403083 5.300503050442793 0.6312860839283942 0.0046500929989549
2.181363074928922 -0.83827963975671 0.7599916066080542 -0.23830727036055882 0.03879688470274148 2.170423232965299 1.4639967935617466 -2.6119000962943466 0.97418609881833 0.5775950600851937 6.9432367981542455 0.5061399774340201 0.008614889632709
-0.9814842410547144 0.7982659230783112 -6.90723800177202 0.19032534330626602 -0.009567387101452687 -1.8126497986603953 -1.0933306811269186 4.4552410837940455 -0.8736528072023815 -0.5856445206958886 -5.993291465073431 -1.2771920401108094 -0.0007464357525437361
-0.9814842410547144 -0.20184525420975746 5.17445713870567 -0.03827871731604043 -0.017628099068818383 1.0640140575137174 0.9419388179596226 -3.896834856310419 4.108912814389179 -0.16984824501243792 2.836402428875619 1.0536541933469066 0.003163294261297113
-2.1790672053592006 -0.17704910931831755 -3.8868142166526 0.04744780541732441 -0.1385387785793038 -2.0560598172597437 -1.123594911596607 7.6675779838342235 -3.051462946441077 0.8745923998590873 -6.609316620465225 -1.3554083566697934 -0.004711232386297837
0.7074148111695606 2.5174653022181324 0.06297073311896123 0.1426994973432855 -0.06599237087301255 -1.4143424954978259 -1.0479343354223862 10.237447503866369 -1.6655837669255433 0.3300972769402827 -5.171924591217704 -1.1833324602400288 -0.0017376349109822613
2.273484841413886 -0.7473604418214312 -3.4221336343265345 -0.257357608745751 0.11940400437639843 1.9491413978749836 0.7603534351414925 -6.466704376342561 1.5351371952889021 0.0034002031889999195 0.9883269627002353 1.2726598797120612 0.000795429605027303
1.168023643594358 -1.0366487988882278 -4.119154507815628 -0.28593311632353935 -0.04181023497091547 1.4623213606762873 0.8738442994028236 -9.036573896374703 0.9411889754965315 0.21129834103072526 2.425718991947756 1.648098199195183 0.0016214289037260739
-0.24451010917503102 1.6496002310177413 9.588922670803287 0.5713321110101104 0.07103973257220426 -0.7504969902268767 -0.7831223188126132 -5.824236996334524 -1.500598150316551 0.5280955034562116 -4.55589943582591 -0.9017537206276874 -0.0029491005490737917
0.4617567672096662 -0.6564412438861522 5.871478012194774 -0.17163108601238614 0.07103973257220426 1.1746549750588762 0.6922589165846937 -3.896834856310419 -0.3456988340536071 0.23109816368231817 7.969945390473903 0.5999995573048007 0.004539959759128398
1.0759018771093996 -0.7886873499738308 3.5480751005644464 -0.17163108601238614 -0.07405308284037825 0.2895276346976107 0.7527873775240704 -9.036573896374703 2.3930624016556616 -0.18964806766403083 7.148578516618177 1.3665194595828418 0.004044360179909135
0.30822048973473015 -0.02000685833919936 5.6391377210317355 0.5237062650471298 0.014614748800644398 -1.702008881115237 -0.8739150102216783 1.885371563761904 -0.08172184747921953 0.5676951487593974 -3.118507406578391 -1.0894728803692484 -0.0016275016711557583
0.06256244577483568 -0.6564412438861522 3.780415391727474 0.09507365138030495 -0.05793165890564685 0.46655310276986306 0.46527718806203094 -5.181769616326488 0.3142436323823611 -0.7044434566054459 4.684477895051003 2.070466308613695 -0.0005812358928039819
2.304192096908872 -0.7390950601909513 -0.4017098492071042 -0.3240337930939238 0.19195041208268968 1.0640140575137174 0.805749780846025 -5.181769616326488 2.3930624016556616 -0.17974815633823438 3.041744147339551 2.226898941731663 0.0018416953833790793
1.997119541959005 1.2363311494937461 6.800839176846904 0.5237062650471298 -0.05793165890564685 -0.5955997056636556 -0.9344434711610549 12.807317023898513 -0.7086671905933892 0.7013439516576492 -5.787949746609499 -1.4023381466051832 -0.0037200332278593115
-0.7358261970948199 1.1371465699279875 -3.654473925489562 -0.14305557843459776 -0.0015066751340869922 0.7099631213692118 0.48040930329687515 -2.6119000962943466 0.3142436323823611 -0.4965453187637205 -1.4757736588669408 0.7877187170463619 -0.002398434349941278
-1.8412873949143422 0.31887378851047693 -1.0987307226962075 0.09507365138030495 0.006554036833278703 -2.255213468841028 -0.586404820759639 -7.751639136358633 -2.4245176033269074 -0.2391476242930129 -3.118507406578391 -1.683916886217525 -0.00405043294733882
-1.90270190590432 -1.0366487988882278 -2.957453052000469 -0.0954297324716172 0.15164685224586122 -1.7905216151513637 -0.5637066479073727 -9.67904127638274 -2.061549246787125 -0.5608947423813976 -2.7078239696505277 -1.8872793092708826 -0.0029491005490737917
-3.9293807685734476 0.3519353150323962 -2.957453052000469 -0.00017804054565613106 -0.05793165890564685 -2.3658543863861863 -1.1387270268314513 2.52783894376994 -2.7544888365448914 -0.21439784597852188 -4.761241154289841 -1.042543090433858 -0.004270699426991825
2.7955081848286607 -0.6068489541032727 0.06297073311896123 -0.41928548501988494 -0.05793165890564685 0.40016855224276854 0.3971826695052323 -3.896834856310419 1.3701515786799106 -0.27627229176474966 2.631060710411688 1.6950279891305735 0.004319693279475392
-2.977455848228856 -1.1275679968235068 -4.583835090141693 -0.14305557843459776 -0.1465994905466695 -0.7062406232088134 -1.0706325082746524 15.377186543930652 -1.0386384238113737 -0.22677273513576737 -2.9131656881144594 -1.5431275164113543 -0.0027288340694207863
